




3178: 4070(3178 3224) 4070(3182 3178) 4059(3182 3178) 4059(3178 3181) 
      4058(3181 3178) 4058(3178 3180) 4057(3180 3178)
      3657(3224 3178) 3657(3178 3291) 3656(3291 3178) 3656(3178 3290) 3641(3290 3178)

3182: 4486(3182 3235) 4486(3185 3182) 4473(3182 3185) 4473(3184 3182) 4472(3182 3184) 
      4071(3235 3182) 4071(3182 3224) 4070(3224 3182)





=========================================================================================


3709: 1385(3709 3712) 1385(3996 3709) 1383(3709 3710) 1383(3714 3709) 
      1382(3709 3714) 1382(3712 3709) 1139(3995 3709)
      1139(3709 3996) 1138(3710 3709) 1138(3709 3995)

3710: 1402(3710 4000) 1402(4010 3710) 1401(3710 4010) 1401(3715 3710) 1384(3710 3715) 
      1384(3714 3710) 1383(3710 3714)
      1160(3710 3995) 1160(4000 3710) 1138(3995 3710)


 1138(3710 3709) 1138(3709 3995)  1138(3995 3710)


1138 1139 1160 1161 1360 1361 1380 1381 1382 1383 1384 1385 1386 1387 1388 1389 1398 1399 1400 1401
1402 1403 1404 1405 1406 1407 1414 1415 1608 1609 1610 1611 1624 1625 1626 1627 1628 1629 1630 1631
1632 1633 1634 1635 1636 1637 1646 1647 1648 1649 1650 1651 1652 1653 1654 1655 1656 1657 1658 1659
1668 1669 1670 1671 1672 1673 1870 1871 1884 1885 1886 1887 1888 1889 1890 1891 1892 1893 1902 1903
1904 1905 1906 1907 1908 1909 1910 1911 1922 1923 2150 2151 2166 2167

